468·

1111111111. 23, 26· 24, 29 26 17.30,15.33,14
et 24 51, 10 et 12 et 15 52, 11. 56, 31. 57,7.
58, 28. 59, 1311·.15 63, 15. 69, 12. 74, 20 et
28· 8816· 109, 16· 139, 5 143, 26 191, Ι..27 251,
22. 357, 26· 418, 25.

Ἀνδρομέδᾳ, 24, 22

¹ ’ Ἡρακλεῖ, 4127

. Μηδείῳ, 33, 29 3,90 30.
Ὀρέστῃ, 40, 11.

s fl.

’ 0111ρῳόο11811111111111 (ὁ θεολόγος). 218, 29. 337, 81.
, .

Η.

hammus. 51, 27.

Hzmononus 31,11 75, 24. 368, 81. 389, 31.
Η1111111111139, 14. 51, 28.

· Ἐν ττρ ω’τῳ, 143, 2.

’ 11111..1.έ.111111,11. 1111 111, 11111

Ἀθηνᾶς γοναῖς, 98, 23 et 26. 162, 5. -

Ἆρτοπῶλιων, 12, 6.

Φορμοφόροις, 11519. .
5111111111111111111. 29, 14. 35, 28.
5110101119, 12. 5516 6212. 88, 8. 100, 9. 111.

3. 119, 24. 137, 15. 146, 12. 149, 22. ,163, 9. ,
169, 20 et 21 231,18. 365, 24.

Ἐνπρώτῳ,1ο,16.14,17.379,1.

Ἐν δευτέρῳ, 418,5 ¹
’ Ἕν τρίτῳ, 168, 2.

Ἐνὲβδόμῳ, 111,241130.
1111101111. 141115.

1111101111 195, 5. 200, 12. 384, 4.

Ἐν ττρὸἆτῳ φτΜσοφοομένοοο, 289, 22.
. Ἐν δευτέρῳ, -,218 19
111111111ο.178,28.

Η111611111111.133,· 15. 175, 29.
11011111154. 9, 13. 16, 21 et 25. 17, 3. 20, 16. 34, j

27. 4427. 50, 41171110 et 12 70, 1311,
-·17 71, 3172 4. 74, 1 106, 22. 107, 8211
12. 111, 20 112, 19. 118, 8. 125, 14· 153, ³
22. 154, 21 156, 25. ’,157 17. 163, 23. 168,
14 08 23 176, 31. 188,13 197, 15. 208, 17

 

