Καπη11σιν, 161, 28.
Πηνελόπῃ, 12, 10
ΤΗεοοοσοοσο Ηῐοοὸιιῑοσο. 61 9. 165, 25.
haemonam, 17· 29, 2. 32, 25. 33, 17. 5213 et 16·
, 57,11. 69, 13 86, 28. 89, 17. 92, 2261 27. 96,
27. 100, 23. 115, 12 et 20. 116, 26. 119, 25. 127,
24. 132, 5.135,25. 142, 21 145, 20. 165, 23.
170, 7 193, 29. 227, 5. 233, 28 284, 1. 286, 15.
295, 7 351, 17. 416, 26 41316. j
ἵ οἱ. 138, 13 168, 20353, 9.
- y. 101, 20. 108, 10
129315. 101,20. 102,1.
ς’ (13.18.
οἱ. 218, 10.
Tmncuus mamus. 141. 18.

, Χ. 1

Χσνοοῐιον. 6, 24 7, 27. 13, 6 17, 32 18, 5 21,7.κ
23, 7. 30, 210122. 41, 2.,53 27. 57, 15 59,16· .
62, 27· 93, 23. 94, 8et 11 et 13. 95, 12. 110, 2.
115, 14. 116, iet 22 (1123. 2501 .,393 21. 3951 ’

26. 398, 23. 399, 27.
Ἀναβάσει, 100, 2·
’ Ἀπομνημονεύμασιν, 63,18.
, τρίτῳ, 168, 1·
Κνμον παι3ε1ος6, 420 19
Ἱέρωνι, 13, 12. v
Ἱστοριο3ν ὀγδόῳ, 148, 24. ' ,
Οἰκονομνκῳ, 32, 3. ’
Συμποσίῳ, 62, 29.

 

