,454

’ Amnum. 28, 22.
111111111110111101.100,8. 128,80.142,10.’
1 ’ρῳῃΕιιιδαοί 164, 29.
11111010110127,8.21,8.81,.2547,18 5810
66, 13. 67, 18. 69, 21. 96, 25. 109, 7. 118, 22.
116, 11 184, 7.126, 12.127,10.186, 26164,
10.171,16.174,18.
Περ 1 51101111, 13, 27. ἐν ἀληθείας τιρύτῳ, 178, 6.
1118888881.4811111010,1.’
81011000611. ’,66 9. ,172ο 10. “
1110110111111. 486, 24.
Annuus 417, 5. ,
= Amos 10111111. Καμπυλίωνι, 148, 4
· ,811111101116814 ’ ., .
Auamma 10111101. 29, 29
Ἀμφιτρύωνι δευτέρῳ, 162, 19.
Ἡρακλεῖγ α μοῦνιι, 62,1.
y ‘ 1111111011110111001. Μαμμακύθῳ, 98, 29.
1111111111..191,10.·
81111011111110111111. 122. 16, 2. 21, 2. 22, 3. 29,8
804822738636988940742361γ
. 12. 87, 101116. 68, 14. 62, 20 64, 17. 66, 21. .
' , 67, 80. 70, 281127. 71, 24. 78, 10. 74,6. 76 27
’, 91, 26. 98, 19. 94,17. 96,.6 100,19.111,.4
· 117,17 118, 22. 119,1. 127, 10. 181, 20. 143.
26. 161, 26 162, 18.· 168, 28. 169, 4. 174, 29. 1
· 176, 6. 176, 12. 177, 18100, 26. 362, 24 et 32
864, 22. 366, 2 866, 10. 872, 9. 880, 14. 3828
’ et 21. 891, 8 414, 12. 417, 22 418, 10 et 24. ,
Ἀναγύρῳ, 122, 4. .
’ Ἀχαρνεῦσιν, 19, 20. 126, 4. 169,10. 174, 24. 393,1·
Βατράχοις, 869, 6. ’
Γήρᾳ, 127,16. 148, 29.
Δαιταλονσιν, 128, 24.
Δανάΐσιίι, 140, 24. 167, 88.
Εήὶρν nm 46, 20 422,ss-

¹ Θεσμοφοριαζούσαις, 78, 24. 106, 1. 160, 20.
f Ἰτττιεῦσιν, 148, 16. 170, 20. “
Λημνίαις, 120, 1. ’ ’

· , Λνσιστρ’ ρατρ, 20, 6. 75, 14.
, Νεφέλαις, 102, 2· 148, 26.

, ’011101σιν,27, 3. 176, 2.

Πλούτῳ, 89, 25. 67, 25.

. . 11ροαῳ8νι, 106,10.

 

