1111119111, 11011 101, 11. 111, 4. , ’
Romanunm, 93, 8 114, 6
M44444446401443, 147,16

Πετάλῃ, 46, 20. .
2111111110.,167,23.177,23.- ‘

Νεμομὲνοις, 133, 27. .
2111111101. 124, 26 ’

1101124.
231001010182,19.68,24.72,26. 91,12

Ρ111111111100111011. 72, 8
Ρ111111101101001110111.69,1911286226100, 12· ’
Μονοτρόπῳ, 31, 21. 147,8.
7901113011, 164, 24.
2111110111οη1111111001.11,27 19, 14· 39, 8 61, 22.
67, 6. 68, 20. 63, 16. 94, 80.
2111111111. 78, 28. 90, 16 140,16 188, 20. 228, 3.
”,Τρνοιε 26,16.
Ρ1110001111111.3ξ1,4, 64, 2. 161, 6 ,
24644164, 17311·
Γ ρ11111ν, 48, 28.
1111111101τή 11415
Νο11111101ργ ’,,76 6.
Πεισάνδρῳ, 68, 6.
Ὑπερβόλῳ, 147, 4.
· Φάωνι, 169, 22.

11110111010111111,11162111111161116. ¹ ,,.,

22, 2· 37, 29. 49, 21 52, let 10 58, 13 57, 25
58 21 6567027115751771693,

,199412951210222281072811619 ,

124, 21. 126, 6. 131, 27. 189, 29. 146, 11 ⁸1 21.
[14814178 81. 176, 21. 218, 14. 889 28.
Ἀπολογίᾳ, 1028
Ἔ1110101611,19,16.,
,6811111 τῳ, 898, 26. 418, 12.
Λ60131,146,24. 164, 27.. “
Νό ,μοις 26, 8. 87, 24.121,11.148,6
ς. 29, 20. 68, 23. 61, 38.
2,191, 24. 393, 29.
1111. 931 26· 1¹69, 16⁸ ·
11011414, 18, 27.-19, 16. 166, 31 . „
ς. 1168, 16. 319, 26. ’ ,
1101111111, 8, 33. 93, 18· 118, 12 168, 9
1190111111, 19, 29. ,
2111110111), 3818112710318. ,

 

